10224
9312
8960
8784
8848
8736
8704
8704
8704
8704
8736
8736
8688
8704
8704
8704
8720
8704
8400
8320
8480
8624
8672
8656
8640
8688
8656
8656
8656
8656
8656
8656
8320
8512
8592
8624
8688
8672
8672
8800
8768
8848
9024
9024
8960
8864
8944
9120
9216
9088
9200
8992
9024
9024
8832
9056
8864
8832
8896
8912
8768
8976
9104
8960
8928
9152
9056
8880
8944
9120
9008
8976
8960
9056
8880
9056
9008
8816
8992
8976
9072
9296
9184
9280
9312
9312
9408
9264
9104
9088
9040
9152
9056
8800
9168
9056
8960
9088
8944
8896
9088
8960
8864
6160
7088
8704
8736
8896
8832
8832
8864
8880
8864
9088
9040
8992
8976
9280
9008
9088
8496
4928
8208
8720
8800
8912
8944
8816
8800
8880
8768
9120
9024
8928
6288
4288
5136
8304
8736
8736
8864
8912
8832
8944
8896
8928
8816
9024
9104
8864
8896
8832
8784
8992
8880
8928
8784
9008
6912
6272
8464
8672
8720
8800
8816
8784
8880
9056
8960
8960
8960
8816
8704
8880
5232
7312
8576
8800
8720
9024
8912
8800
9056
9184
8944
8896
8848
8880
6752
4416
8016
8624
8800
9136
9072
9104
9248
9088
9168
9056
8976
8832
8816
8816
8768
8656
6304
8464
8864
8784
8752
8720
8864
8960
9008
8896
8912
5440
7424
8704
8736
8688
8864
9008
9008
8800
8880
8928
8816
8896
8976
8976
9008
5232
7712
8608
8832
8896
8896
9008
8896
8816
8720
8896
8832
8816
8816
8928
8800
8912
7824
4688
7616
8896
8864
8864
8976
8976
9072
8816
8800
9136
9056
8976
8832
8816
8016
5216
8736
8976
8976
9008
8880
9056
8960
8896
8928
8864
8816
8832
7584
5984
8688
8800
8832
8832
8816
8848
9072
9008
8832
9200
9088
8864
8848
8816
8816
8272
5072
7168
8592
8960
9024
8880
8816
8784
8912
8768
8864
9104
8928
8912
8864
8944
8832
8768
8352
5296
8432
8864
8784
8736
8976
8816
8784
8912
9072
9248
8992
8992
9024
8848
8912
8944
5488
5152
7232
8480
8736
9072
9008
8864
8832
8800
8800
8752
8992
8880
8832
8880
8960
8784
9056
8928
8864
8848
6656
7936
8672
8864
8800
9040
9152
9152
8960
8880
6224
8736
9008
8928
8944
9056
8992
8768
8704
8672
8688
8672
8784
8720
8688
8672
8656
8672
8704
8656
8656
8704
8384
8544
8592
8624
8768
8704
8672
8672
8672
8656
8672
8688
8704
8400
8256
8224
8464
8560
8640
8672
8656
8656
8704
8688
8688
8736
8688
8800
8432
8512
8816
8736
8704
8688
8800
8816
8896
8752
8688
8848
8752
8240
8144
8096
8304
8528
8608
8656
8672
8672
8656