None
1.3440410168767358
1.2280374767296365
1.1760358897671437
1.1580353404339732
1.1540352183599352
1.1520351573229164
1.1480350352488786
1.1440349131748406
1.1440349131748406
1.1480350352488786
1.1480350352488786
1.1480350352488786
1.1460349742118596
1.1460349742118596
1.1480350352488786
1.1480350352488786
1.1460349742118596
1.1480350352488786
1.1180341196935943
1.1040336924344616
1.1200341807306131
1.1320345469527269
1.1380347300637839
1.1400347911008029
1.1400347911008029
1.1400347911008029
1.1400347911008029
1.1400347911008029
1.1400347911008029
1.1400347911008029
1.1400347911008029
1.1400347911008029
1.1080338145084996
1.1220342417676321
1.1340346079897459
1.1360346690267649
1.1440349131748406
1.1420348521378216
1.1440349131748406
1.1480350352488786
1.1560352793969542
1.1600354014709922
1.1920363780632954
1.1880362559892574
1.1740358287301247
1.162035462508011
1.1780359508041627
1.1960365001373332
1.1920363780632954
1.1800360118411817
1.1960365001373332
1.1840361339152194
1.1840361339152194
1.168035645619068
1.16403552354503
1.1780359508041627
1.166035584582049
1.1600354014709922
1.1720357676931057
1.1740358287301247
1.1560352793969542
1.1760358897671437
1.1880362559892574
1.1740358287301247
1.1760358897671437
1.1940364391003142
1.1920363780632954
1.166035584582049
1.168035645619068
1.1840361339152194
1.1720357676931057
1.1780359508041627
1.1800360118411817
1.1780359508041627
1.170035706656087
1.1800360118411817
1.1720357676931057
1.162035462508011
1.1840361339152194
1.1740358287301247
1.1760358897671437
1.208036866359447
1.1900363170262764
1.2020366832483902
1.208036866359447
1.208036866359447
1.2140370494705037
1.2140370494705037
1.1940364391003142
1.1920363780632954
1.1900363170262764
1.204036744285409
1.1840361339152194
1.162035462508011
1.1920363780632954
1.1780359508041627
1.1820360728782007
1.1840361339152194
1.1720357676931057
1.16403552354503
1.1980365611743522
1.1720357676931057
1.162035462508011
0.8480258796960356
0.91602795495468
1.128034424878689
1.1500350962858976
1.170035706656087
1.1560352793969542
1.1560352793969542
1.166035584582049
1.168035645619068
1.1580353404339732
1.1940364391003142
1.1840361339152194
1.170035706656087
1.1760358897671437
1.206036805322428
1.1840361339152194
1.1820360728782007
1.1380347300637839
0.6720205084383679
1.0700326548051393
1.1440349131748406
1.1560352793969542
1.170035706656087
1.162035462508011
1.1600354014709922
1.1580353404339732
1.1560352793969542
1.1580353404339732
1.1880362559892574
1.1720357676931057
1.1780359508041627
0.8520260017700735
0.5800177007354961
0.6620202032532732
1.0940333872493668
1.1500350962858976
1.1440349131748406
1.168035645619068
1.1720357676931057
1.1580353404339732
1.1840361339152194
1.168035645619068
1.16403552354503
1.1600354014709922
1.1760358897671437
1.1840361339152194
1.16403552354503
1.1720357676931057
1.1580353404339732
1.1500350962858976
1.1760358897671437
1.168035645619068
1.1580353404339732
1.1580353404339732
1.1740358287301247
0.9440288094729454
0.8240251472518083
1.1140339976195563
1.1400347911008029
1.1440349131748406
1.1560352793969542
1.1580353404339732
1.1500350962858976
1.1740358287301247
1.1880362559892574
1.16403552354503
1.1800360118411817
1.1800360118411817
1.1600354014709922
1.1520351573229164
1.1580353404339732
0.7380225226599932
0.9520290536210212
1.12603436384167
1.1580353404339732
1.1500350962858976
1.1720357676931057
1.168035645619068
1.1600354014709922
1.1880362559892574
1.1940364391003142
1.170035706656087
1.168035645619068
1.162035462508011
1.1560352793969542
0.9320284432508317
0.6100186162907804
1.0280313730277413
1.12603436384167
1.1540352183599352
1.1860361949522384
1.170035706656087
1.2020366832483902
1.206036805322428
1.1760358897671437
1.1940364391003142
1.1900363170262764
1.168035645619068
1.16403552354503
1.1600354014709922
1.1560352793969542
1.1600354014709922
1.1420348521378216
0.8240251472518083
1.1020336313974426
1.1540352183599352
1.1560352793969542
1.1480350352488786
1.1520351573229164
1.170035706656087
1.1780359508041627
1.1800360118411817
1.16403552354503
1.170035706656087
0.752022949919126
0.9760297860652486
1.1420348521378216
1.1480350352488786
1.1440349131748406
1.168035645619068
1.166035584582049
1.170035706656087
1.162035462508011
1.1720357676931057
1.1740358287301247
1.16403552354503
1.1580353404339732
1.168035645619068
1.1780359508041627
1.1720357676931057
0.7140217902157658
0.9920302743614002
1.1340346079897459
1.1500350962858976
1.1580353404339732
1.1760358897671437
1.1840361339152194
1.166035584582049
1.162035462508011
1.1520351573229164
1.1740358287301247
1.162035462508011
1.1540352183599352
1.162035462508011
1.168035645619068
1.162035462508011
1.1760358897671437
1.042031800286874
0.6360194097720268
1.000030518509476
1.1760358897671437
1.16403552354503
1.162035462508011
1.168035645619068
1.1820360728782007
1.1820360728782007
1.16403552354503
1.1580353404339732
1.1860361949522384
1.1780359508041627
1.1780359508041627
1.162035462508011
1.1580353404339732
1.084033082064272
0.6940211798455764
1.1140339976195563
1.162035462508011
1.1760358897671437
1.1860361949522384
1.168035645619068
1.1740358287301247
1.1720357676931057
1.170035706656087
1.1720357676931057
1.170035706656087
1.1580353404339732
1.1560352793969542
1.040031739249855
0.7880240485854672
1.1220342417676321
1.1540352183599352
1.1580353404339732
1.1600354014709922
1.1500350962858976
1.162035462508011
1.1840361339152194
1.1720357676931057
1.16403552354503
1.1940364391003142
1.1920363780632954
1.168035645619068
1.16403552354503
1.162035462508011
1.1600354014709922
1.1160340586565753
0.6820208136234627
0.9120278328806422
1.1220342417676321
1.170035706656087
1.1840361339152194
1.166035584582049
1.1540352183599352
1.1560352793969542
1.1580353404339732
1.1520351573229164
1.170035706656087
1.1840361339152194
1.166035584582049
1.166035584582049
1.170035706656087
1.1760358897671437
1.1540352183599352
1.1560352793969542
1.1020336313974426
0.6820208136234627
1.1040336924344616
1.1560352793969542
1.1540352183599352
1.1480350352488786
1.1820360728782007
1.1600354014709922
1.1560352793969542
1.1720357676931057
1.1780359508041627
1.2000366222113712
1.1780359508041627
1.1740358287301247
1.1720357676931057
1.166035584582049
1.1760358897671437
1.1760358897671437
0.7700234992522965
0.7120217291787468
0.9340285042878507
1.1200341807306131
1.1540352183599352
1.1800360118411817
1.166035584582049
1.1720357676931057
1.16403552354503
1.1560352793969542
1.1540352183599352
1.1560352793969542
1.1720357676931057
1.1600354014709922
1.16403552354503
1.16403552354503
1.168035645619068
1.1600354014709922
1.1920363780632954
1.1720357676931057
1.166035584582049
1.16403552354503
0.9120278328806422
1.0260313119907225
1.1420348521378216
1.1540352183599352
1.1540352183599352
1.1800360118411817
1.206036805322428
1.1980365611743522
1.1760358897671437
1.166035584582049
0.8220250862147893
1.1520351573229164
1.1740358287301247
1.166035584582049
1.1800360118411817
1.1820360728782007
1.1800360118411817
1.1580353404339732
1.1480350352488786
1.1440349131748406
1.1440349131748406
1.1440349131748406
1.1480350352488786
1.1500350962858976
1.1460349742118596
1.1440349131748406
1.1420348521378216
1.1440349131748406
1.1440349131748406
1.1420348521378216
1.1420348521378216
1.1480350352488786
1.1180341196935943
1.128034424878689
1.1340346079897459
1.1400347911008029
1.1460349742118596
1.1460349742118596
1.1440349131748406
1.1420348521378216
1.1420348521378216
1.1420348521378216
1.1420348521378216
1.1460349742118596
1.1460349742118596
1.1140339976195563
1.0960334482863858
1.0940333872493668
1.1160340586565753
1.128034424878689
1.1400347911008029
1.1420348521378216
1.1420348521378216
1.1420348521378216
1.1440349131748406
1.1460349742118596
1.1440349131748406
1.1520351573229164
1.1460349742118596
1.16403552354503
1.1220342417676321
1.130034485915708
1.1560352793969542
1.1540352183599352
1.1480350352488786
1.1440349131748406
1.1600354014709922
1.166035584582049
1.1600354014709922
1.1520351573229164
1.1440349131748406
1.1500350962858976
1.1500350962858976
1.1100338755455184
1.1000335703604236
1.0720327158421583
1.0940333872493668
1.124034302804651
1.1340346079897459
1.1420348521378216
1.1420348521378216
1.1420348521378216
1.1400347911008029
